 46 85 26 13 25 30 99 9 52 76 52 78 10 80 16 73 11 57 23 37 49 52 29 42 23
 56 73 83 28 98 27 26 12 35 17 13 19 77 62 64 14 30 87 51 89 78 41 92 95 3
 62 95 17 12 80 22 12 13 28 70 75 3 65 92 61 25 9 52 95 20 72 91 29 6 24
 50 45 94 42 74 83 73 40 8 70 42 40 99 87 51 66 72 22 52 97 17 80 41 11 89
 96 84 38 51 46 57 58 39 9 84 64 62 13 92 71 83 28 58 73 2 73 10 55 16 40
 24 75 61 98 7 98 47 95 41 76 46 36 88 60 48 18 95 34 74 77 24 45 84 57 69
 74 4 63 24 58 84 85 61 17 17 72 74 75 14 11 91 44 93 48 79 80 81 28 54 39
 72 91 19 39 72 90 49 24 12 13 32 43 5 91 62 57 97 51 46 41 61 48 35 23 43
 37 2 95 19 4 77 82 13 98 68 60 60 43 21 33 63 82 28 82 66 78 24 39 88 61
 74 59 45 16 22 64 55 48 29 78 59 96 67 16 88 15 62 57 42 27 91 20 2 51 48
 12 39 23 26 31 94 46 26 14 12 76 59 12 41 94 24 85 56 95 31 78 36 30 89 59
 34 91 87 78 1 94 85 74 29 17 75 80 35 25 5 68 77 65 13 57 57 52 14 65 9
 63 64 97 46 37 1 72 4 37 19 74 62 29 60 28 40 90 7 18 80 30 39 22 36 62
 84 71 56 88 74 95 25 31 79 97 31 96 43 20 90 53 92 31 35 27 20 28 69 39 13
 69 6 42 26 71 23 11 43 97 88 85 68 41 59 6 89 70 98 64 62 44 19 58 17 38
 42 98 74 82 8 94 48 28 83 10 58 53 13 92 65 1 78 87 5 28 23 24 36 53 88
 40 48 34 22 39 64 75 11 25 76 81 68 23 68 53 5 63 90 92 66 58 18 72 36 79
 70 53 42 14 82 70 8 67 69 14 38 85 33 33 3 85 30 95 32 39 37 95 41 26 83
 63 24 14 48 2 41 55 44 97 16 94 25 83 35 79 38 74 17 56 57 51 77 25 55 57
 17 64 54 67 24 9 8 18 41 58 14 7 82 21 12 90 21 15 12 6 10 64 85 60 13
 17 24 64 18 93 69 93 55 8 71 46 67 94 10 38 67 70 31 27 45 14 70 63 2 8
 45 7 11 7 47 97 78 5 29 67 22 76 25 56 6 79 30 21 24 30 47 74 76 61 59
 63 62 29 7 51 10 65 87 21 3 31 57 58 43 82 52 70 36 47 73 12 73 20 61 49
 62 85 73 81 29 70 83 1 21 67 71 7 35 82 88 5 84 26 65 6 2 8 62 87 53
 30 74 97 55 82 37 78 82 28 5 56 92 16 69 71 32 6 54 37 97 69 83 19 1 75
 64 48 85 93 41 19 81 98 38 72 3 19 75 82 71 63 30 68 94 11 92 85 45 66 20
 62 98 52 14 68 42 54 29 65 21 95 38 50 31 58 10 14 4 8 80 46 72 94 1 91
 32 17 38 26 36 24 61 7 61 62 39 37 34 58 61 75 5 65 57 62 18 82 92 6 85
 14 56 74 6 56 79 37 16 57 85 88 26 13 16 94 25 70 54 5 98 69 65 52 58 52
 57 49 48 32 5 88 40 64 54 43 7 40 45 70 62 3 66 12 89 61 96 88 12 46 5
 56 3 74 26 82 76 69 83 40 49 21 82 96 56 72 73 82 2 13 64 44 30 67 88 29
 1 36 80 32 69 58 95 67 84 7 94 78 80 92 23 50 61 57 11 47 89 67 23 1 20
 35 39 15 3 11 54 10 29 1 12 27 79 69 21 78 71 55 1 35 44 48 93 22 79 61
 99 22 37 75 23 32 30 64 93 59 18 55 33 50 19 2 86 35 32 16 79 58 64 93 68
 37 53 5 49 82 72 36 99 3 47 4 57 27 13 36 45 99 30 74 34 19 97 57 6 86
 73 53 79 42 22 57 47 14 12 80 17 19 19 2 50 5 18 88 86 83 63 66 27 10 29
 32 27 81 58 79 54 37 28 83 83 71 13 65 63 28 87 39 51 50 58 11 72 50 62 37
 3 4 32 24 78 31 5 71 61 58 94 83 31 16 76 72 3 96 55 75 74 42 13 94 30
 26 35 22 89 39 45 25 34 84 85 92 2 80 42 66 52 59 88 54 94 22 14 34 34 89
 42 93 39 4 13 35 58 16 59 35 5 91 75 98 18 53 16 36 75 64 75 20 41 88 66
 94 71 37 83 94 83 18 37 12 8 87 2 21 8 28 66 2 94 49 94 31 88 33 61 51
 30 69 77 17 37 81 96 1 84 47 56 41 74 22 72 96 19 91 97 18 88 22 2 96 54
 53 99 84 53 40 76 4 2 78 8 35 26 25 58 67 39 10 9 47 89 73 5 8 12 75
 11 12 21 47 78 63 86 7 78 24 8 25 33 76 23 67 74 4 65 27 56 85 20 21 50
 75 79 9 66 73 49 45 39 35 75 75 83 7 11 3 60 37 81 33 38 77 6 1 81 23
 45 50 99 80 57 32 29 61 99 57 6 98 55 89 54 2 84 52 59 78 22 8 99 98 66
 24 4 68 70 29 90 32 30 11 37 44 1 46 4 72 25 58 93 10 78 61 81 38 40 60
 8 11 93 56 68 57 71 5 29 71 33 78 36 35 85 22 47 1 61 94 81 46 91 45 18
 50 38 5 78 19 58 93 93 21 3 74 68 57 43 7 34 68 80 49 88 71 56 12 85 83
 63 83 40 18 7 42 65 16 20 35 3 20 16 30 60 82 11 15 67 75 27 97 13 85 75
 96 51 59 45 98 87 23 67 91 5 16 91 20 77 26 55 64 74 49 91 22 51 66 63 33
 57 8 81 32 15 91 58 26 27 71 51 22 38 60 82 85 95 28 3 48 97 37 35 74 37
 6 24 12 40 41 52 56 16 65 54 25 79 57 86 62 91 80 97 36 76 66 85 57 50 76
 63 38 90 3 22 31 17 39 25 28 62 47 94 21 14 9 93 80 73 26 48 50 48 44 22
 67 89 87 99 80 17 36 95 62 51 77 84 59 58 93 86 11 51 34 53 75 16 16 12 31
 84 69 36 15 1 69 49 23 29 2 88 91 14 58 51 59 89 47 42 54 78 74 39 46 3
 57 18 64 18 63 16 35 39 41 95 56 85 88 37 71 13 97 17 95 50 57 42 26 96 19
 24 49 2 22 17 7 19 59 85 80 98 52 66 96 38 10 19 9 39 37 4 71 68 58 18
 96 37 86 73 3 13 37 33 19 82 73 56 5 70 97 18 87 88 55 12 17 53 95 9 24
 22 53 30 66 33 69 36 41 50 88 81 21 42 53 45 47 47 34 26 52 76 51 10 26 63
 96 44 97 31 84 14 30 74 39 20 46 19 49 57 93 64 22 62 72 79 28 90 25 98 63
 75 32 77 86 11 79 52 51 33 59 41 57 16 14 21 80 71 56 34 80 46 35 64 72 11
 21 8 82 75 10 47 45 10 87 10 99 83 18 65 88 94 13 41 72 89 73 25 15 80 71
 50 70 41 69 24 40 56 33 72 82 9 23 4 82 90 3 12 9 83 15 44 36 15 47 9
 90 16 80 78 60 70 34 41 26 67 80 48 99 1 80 52 67 25 3 3 82 67 18 15 31
 9 37 35 62 27 77 55 34 66 56 48 91 40 48 69 37 18 82 89 53 48 21 94 30 56
 1 82 50 26 37 49 13 58 10 69 12 38 96 20 92 50 11 48 71 41 37 32 87 33 6
 40 54 55 83 49 22 75 22 93 82 73 45 52 36 40 48 80 48 97 95 63 72 18 10 80
 37 98 57 65 73 66 15 69 2 67 17 69 6 90 19 80 74 37 54 98 75 22 59 19 37
 31 87 5 71 43 26 99 44 17 72 6 43 35 31 75 36 46 41 10 58 29 38 61 14 2
 35 13 47 20 32 10 54 21 91 95 35 39 82 34 54 55 93 7 55 62 83 54 83 31 68
 91 99 39 95 6 8 61 76 16 93 12 79 15 23 27 43 17 90 78 19 43 88 99 71 10
 39 12 99 73 7 62 26 60 83 10 22 20 74 2 49 54 64 2 75 23 81 71 27 11 87
 39 23 29 31 77 56 79 95 92 86 12 23 35 52 23 98 3 42 90 76 15 76 59 42 28
 43 41 76 67 67 51 34 40 75 84 76 82 7 95 92 82 66 47 94 37 77 63 46 97 98
 58 24 24 21 86 41 86 24 41 88 96 43 33 6 18 98 89 47 47 79 85 90 12 10 43
 17 93 3 46 41 42 45 78 21 45 76 95 74 23 32 82 88 50 27 8 61 89 95 53 52
 7 53 46 73 46 15 79 58 13 42 95 40 35 54 53 69 81 76 99 92 32 61 93 13 5
 81 40 45 59 76 88 9 43 32 84 6 63 84 70 7 30 77 65 49 90 8 96 23 23 3
 54 75 21 69 44 80 53 74 2 79 98 6 56 15 75 2 48 4 10 46 44 82 59 70 77
 34 61 3 52 8 91 17 39 96 96 53 53 34 92 35 1 46 91 32 27 66 74 47 88 14
 46 83 87 15 27 78 55 96 26 32 44 65 98 87 41 64 96 69 12 4 62 45 27 73 35
 9 4 43 7 27 1 29 86 99 77 36 38 51 39 81 23 91 97 6 36 41 51 7 54 46
 21 5 27 57 59 92 8 36 83 45 80 17 5 93 20 85 60 14 9 17 64 30 87 52 57
 39 92 15 80 47 4 64 58 69 6 71 67 4 96 75 67 68 55 98 94 41 30 37 9 86
 27 28 51 67 2 64 10 44 87 23 54 29 30 5 58 2 71 17 79 21 3 73 6 59 42
 26 33 56 80 70 63 71 93 39 53 38 55 23 97 7 50 27 37 19 46 71 7 55 81 86
 61 22 87 88 2 98 65 40 22 30 24 72 18 45 79 20 2 90 24 72 17 93 88 33 66
 62 19 98 69 53 68 7 31 78 99 7 47 56 97 44 7 49 63 77 91 21 77 94 15 77
 63 59 26 12 37 71 69 20 16 5 32 34 83 38 16 76 61 53 9 93 86 48 54 5 26
 49 65 75 46 35 16 29 5 33 28 70 71 21 5 59 20 49 47 14 74 3 22 36 4 12
 56 15 49 61 84 91 13 10 93 93 79 55 7 39 73 5 82 53 92 6 21 25 54 41 31
 85 43 74 63 21 92 35 48 84 34 55 53 58 48 67 69 54 42 97 36 19 27 37 65 3
 22 40 97 64 56 23 43 63 27 67 90 39 96 46 27 90 72 78 99 53 98 86 78 11 37
 80 58 72 90 88 60 81 21 44 3 19 91 41 24 22 44 89 81 23 23 59 10 60 97 41
 45 86 5 66 16 63 60 61 47 18 13 15 34 76 27 15 72 93 9 70 13 95 84 10 40
 24 16 69 78 31 42 45 51 15 79 48 59 91 49 49 25 58 42 97 97 68 45 61 74 77
 20 21 21 90 63 85 50 79 28 62 33 78 7 94 37 44 1 49 40 69 48 41 44 82 1
 45 69 28 26 84 92 48 34 16 93 26 6 93 35 75 45 16 97 2 17 46 47 42 9 10
 49 58 61 14 78 23 90 17 33 17 4 45 15 30 17 49 22 14 95 22 70 8 71 87 58
